163	72	4
-0.9999999403953552	4.9549560546875	1.0	0.34269049763679504	0.8235077261924744	1.0	0	0.0	0	0.0	0	-1.0	0.0	2.9802322387695312e-08	0.0	1.0	0.0	-2.9802322387695312e-08	0.0	-1.0
-1.0	6.0398430824279785	-0.9999999403953552	0.4356355667114258	0.9990096092224121	1.0	0	0.0	0	0.0	0	-1.0	0.0	2.9802322387695312e-08	0.0	1.0	0.0	-2.9802322387695312e-08	0.0	-1.0
-1.0	4.9549560546875	-0.9999999403953552	0.34269049763679504	0.9990096092224121	1.0	0	0.0	0	0.0	0	-1.0	0.0	2.9802322387695312e-08	0.0	1.0	0.0	-2.9802322387695312e-08	0.0	-1.0
0.9999999403953552	2.9549560546875	-1.0	0.11691639572381973	0.824498176574707	1.0	0	0.0	0	0.0	0	0.0	-1.0	0.0	1.0	0.0	-1.244329013161405e-07	1.244329013161405e-07	0.0	1.0
2.364687919616699	2.9549560546875	0.9999998807907104	0.23383277654647827	1.0	1.0	3	0.0	0	0.0	0	0.0	-1.0	0.0	1.0	0.0	-1.2443288710528577e-07	1.2443288710528577e-07	0.0	1.0
1.0	2.9549560546875	0.9999999403953552	0.11691641807556152	1.0	1.0	0	0.0	0	0.0	0	0.0	-1.0	0.0	1.0	0.0	-1.2443288710528577e-07	1.2443288710528577e-07	0.0	1.0
-0.9999999403953552	4.9549560546875	1.0	0.5134643912315369	0.43742239475250244	1.0	0	0.0	0	0.0	0	0.0	0.0	1.0	1.0	3.3962396628339775e-07	0.0	-3.3962396628339775e-07	1.0	0.0
-0.9999999403953552	2.9549560546875	1.0	0.5134643316268921	0.2619205117225647	1.0	0	0.0	0	0.0	0	0.0	0.0	1.0	1.0	3.3962396628339775e-07	0.0	-3.3962396628339775e-07	1.0	0.0
4.371138828673793e-08	2.9549560546875	1.0	0.5991369485855103	0.2619204819202423	1.0	0	0.0	0	0.0	0	0.0	0.0	1.0	1.0	3.3962396628339775e-07	0.0	-3.3962396628339775e-07	1.0	0.0
-4.371138828673793e-08	2.9549560546875	-1.0	0.0	0.0	1.0	0	0.0	0	0.0	0	0.0	0.0	0.0	1.0	0.0	0.0	0.0	0.0	0.0
0.9999999403953552	2.9549560546875	-1.0	0.0	0.0	1.0	0	0.0	0	0.0	0	0.0	0.0	0.0	1.0	0.0	0.0	0.0	0.0	0.0
0.9999999403953552	4.9549560546875	-1.0	0.11691637337207794	0.43742239475250244	1.0	0	0.0	0	0.0	0	0.0	0.0	-1.0	-1.0	0.0	0.0	0.0	1.0	0.0
0.9999999403953552	2.9549560546875	-1.0	0.11691637337207794	0.2619204819202423	1.0	0	0.0	0	0.0	0	0.0	0.0	-1.0	-1.0	0.0	0.0	0.0	1.0	0.0
-4.371138828673793e-08	2.9549560546875	-1.0	0.2025889903306961	0.2619204819202423	1.0	0	0.0	0	0.0	0	0.0	0.0	-1.0	-1.0	0.0	0.0	0.0	1.0	0.0
-1.0	2.9549560546875	-0.9999999403953552	0.9693275094032288	0.8244981169700623	1.0	0	0.0	0	0.0	0	0.0	-1.0	0.0	1.0	0.0	4.714550527751271e-07	-4.714550527751271e-07	0.0	1.0
-2.314321517944336	2.9549560546875	1.0000001192092896	0.8567261695861816	1.0	1.0	2	0.0	0	0.0	0	0.0	-1.0	0.0	1.0	0.0	4.714550527751271e-07	-4.714550527751271e-07	0.0	1.0
-2.314321517944336	2.9549560546875	-0.9999998807907104	0.8567261695861816	0.824498176574707	1.0	2	0.0	0	0.0	0	0.0	-1.0	0.0	1.0	0.0	4.714550243534177e-07	-4.714550243534177e-07	0.0	1.0
0.9999999403953552	6.0398430824279785	-1.0	0.5568597316741943	0.8235077261924744	1.0	0	0.0	0	0.0	0	1.0	0.0	-2.9802322387695312e-08	0.0	1.0	0.0	2.9802322387695312e-08	0.0	1.0
1.0	6.369924068450928	0.9999999403953552	0.5851386785507202	0.9990096092224121	1.0	0	0.0	0	0.0	0	1.0	0.0	-2.9802322387695312e-08	0.0	1.0	0.0	2.9802322387695312e-08	0.0	1.0
1.0	6.0398430824279785	0.9999999403953552	0.5568597316741943	0.9990096092224121	1.0	0	0.0	0	0.0	0	1.0	0.0	-2.9802322387695312e-08	0.0	1.0	0.0	2.9802322387695312e-08	0.0	1.0
0.9999999403953552	4.9549560546875	-1.0	0.4639146029949188	0.8235077261924744	1.0	0	0.0	0	0.0	0	1.0	0.0	-2.9802322387695312e-08	0.0	1.0	0.0	2.9802322387695312e-08	0.0	1.0
1.0	4.9549560546875	0.9999999403953552	0.4639146327972412	0.9990096092224121	1.0	0	0.0	0	0.0	0	1.0	0.0	-2.9802322387695312e-08	0.0	1.0	0.0	2.9802322387695312e-08	0.0	1.0
1.0	4.9549560546875	0.9999999403953552	0.6848095655441284	0.43742236495018005	1.0	0	0.0	0	0.0	0	2.9802322387695312e-08	0.0	1.0	1.0	1.6981203998511774e-07	-2.9802322387695312e-08	-1.6981203998511774e-07	1.0	5.060793160948686e-15
-0.9999999403953552	6.0398430824279785	1.0	0.5134643912315369	0.532622218132019	1.0	0	0.0	0	0.0	0	2.9802322387695312e-08	0.0	1.0	1.0	1.6981203998511774e-07	-2.9802322387695312e-08	-1.6981203998511774e-07	1.0	5.060793160948686e-15
-0.9999999403953552	4.9549560546875	1.0	0.5134643912315369	0.43742239475250244	1.0	0	0.0	0	0.0	0	2.9802322387695312e-08	0.0	1.0	1.0	1.6981203998511774e-07	-2.9802322387695312e-08	-1.6981203998511774e-07	1.0	5.060793160948686e-15
-1.0	4.9549560546875	-0.9999999403953552	0.2882615923881531	0.43742236495018005	1.0	0	0.0	0	0.0	0	-2.9802322387695312e-08	0.0	-1.0	-1.0	1.6981203998511774e-07	2.9802322387695312e-08	1.6981203998511774e-07	1.0	-5.060793160948686e-15
0.9999999403953552	6.0398430824279785	-1.0	0.11691635102033615	0.532622218132019	1.0	0	0.0	0	0.0	0	-2.9802322387695312e-08	0.0	-1.0	-1.0	1.6981203998511774e-07	2.9802322387695312e-08	1.6981203998511774e-07	1.0	-5.060793160948686e-15
0.9999999403953552	4.9549560546875	-1.0	0.11691637337207794	0.43742239475250244	1.0	0	0.0	0	0.0	0	-2.9802322387695312e-08	0.0	-1.0	-1.0	1.6981203998511774e-07	2.9802322387695312e-08	1.6981203998511774e-07	1.0	-5.060793160948686e-15
2.364687919616699	4.9549560546875	-1.0000001192092896	0.6853809952735901	0.5615872144699097	1.0	3	0.0	0	0.0	0	1.0	0.0	0.0	0.0	0.0	1.0	0.0	-1.0	0.0
2.364687919616699	2.9549560546875	0.9999998807907104	0.8567262291908264	0.7370890974998474	1.0	3	0.0	0	0.0	0	1.0	0.0	0.0	0.0	0.0	1.0	0.0	-1.0	0.0
2.364687919616699	2.9549560546875	-1.0000001192092896	0.6853809952735901	0.7370890974998474	1.0	3	0.0	0	0.0	0	1.0	0.0	0.0	0.0	0.0	1.0	0.0	-1.0	0.0
0.9999999403953552	4.9549560546875	-1.0	0.0	1.0	1.0	0	0.0	0	0.0	0	0.0	1.0	0.0	1.0	0.0	-8.735278811400349e-08	-8.735278100857613e-08	0.0	-1.0
2.364687919616699	4.9549560546875	0.9999998807907104	0.11691639572381973	0.8244981169700623	1.0	3	0.0	0	0.0	0	0.0	1.0	0.0	1.0	0.0	-8.735278100857613e-08	-8.735277390314877e-08	0.0	-1.0
2.364687919616699	4.9549560546875	-1.0000001192092896	0.11691635102033615	1.0	1.0	3	0.0	0	0.0	0	0.0	1.0	0.0	1.0	0.0	-8.735278100857613e-08	-8.735278100857613e-08	0.0	-1.0
0.9999999403953552	4.9549560546875	-1.0	0.11691637337207794	0.43742239475250244	1.0	0	0.0	0	0.0	0	-8.735278811400349e-08	0.0	-1.0	-1.0	0.0	8.735278811400349e-08	0.0	1.0	0.0
2.364687919616699	2.9549560546875	-1.0000001192092896	2.042594005047249e-08	0.2619204819202423	1.0	3	0.0	0	0.0	0	-8.735278811400349e-08	0.0	-1.0	-1.0	0.0	8.735278811400349e-08	0.0	1.0	0.0
0.9999999403953552	2.9549560546875	-1.0	0.11691637337207794	0.2619204819202423	1.0	0	0.0	0	0.0	0	-8.735278811400349e-08	0.0	-1.0	-1.0	0.0	8.735278811400349e-08	0.0	1.0	0.0
1.0	2.9549560546875	0.9999999403953552	0.6848095655441284	0.2619204819202423	1.0	0	0.0	0	0.0	0	4.3676394057001744e-08	0.0	1.0	1.0	0.0	-4.3676394057001744e-08	0.0	1.0	0.0
2.364687919616699	4.9549560546875	0.9999998807907104	0.8017259836196899	0.43742236495018005	1.0	3	0.0	0	0.0	0	4.3676394057001744e-08	0.0	1.0	1.0	0.0	-4.3676394057001744e-08	0.0	1.0	0.0
1.0	4.9549560546875	0.9999999403953552	0.6848095655441284	0.43742236495018005	1.0	0	0.0	0	0.0	0	4.3676394057001744e-08	0.0	1.0	1.0	0.0	-4.3676394057001744e-08	0.0	1.0	0.0
-2.314321517944336	4.9549560546875	1.0000001192092896	0.6853809952735901	0.9125910997390747	1.0	2	0.0	0	0.0	0	-1.0	0.0	0.0	0.0	-1.0	1.6981198314169887e-07	0.0	1.6981198314169887e-07	1.0
-2.314321517944336	2.9549560546875	-0.9999998807907104	0.8567261695861816	0.7370891571044922	1.0	2	0.0	0	0.0	0	-1.0	0.0	0.0	0.0	-1.0	1.6981198314169887e-07	0.0	1.6981198314169887e-07	1.0
-2.314321517944336	2.9549560546875	1.0000001192092896	0.8567262291908264	0.9125910401344299	1.0	2	0.0	0	0.0	0	-1.0	0.0	0.0	0.0	-1.0	3.3962396628339775e-07	0.0	3.3962396628339775e-07	1.0
-0.9999999403953552	4.9549560546875	1.0	1.0	0.17550188302993774	1.0	0	0.0	0	0.0	0	0.0	1.0	0.0	1.0	0.0	-9.070025441815233e-08	-9.070025441815233e-08	0.0	-1.0
-2.314321517944336	4.9549560546875	-0.9999998807907104	0.8873986601829529	0.3510037660598755	1.0	2	0.0	0	0.0	0	0.0	1.0	0.0	1.0	0.0	-9.070025441815233e-08	-9.070025441815233e-08	0.0	-1.0
-2.314321517944336	4.9549560546875	1.0000001192092896	0.8873986601829529	0.17550188302993774	1.0	2	0.0	0	0.0	0	0.0	1.0	0.0	1.0	0.0	-9.070025441815233e-08	-9.070025441815233e-08	0.0	-1.0
-1.0	2.9549560546875	-0.9999999403953552	0.2882615923881531	0.2619204819202423	1.0	0	0.0	0	0.0	0	-4.5350123656362484e-08	0.0	-1.0	-1.0	0.0	4.5350123656362484e-08	0.0	1.0	0.0
-2.314321517944336	4.9549560546875	-0.9999998807907104	0.4008629620075226	0.43742236495018005	1.0	2	0.0	0	0.0	0	-4.5350123656362484e-08	0.0	-1.0	-1.0	0.0	4.5350123656362484e-08	0.0	1.0	0.0
-1.0	4.9549560546875	-0.9999999403953552	0.2882615923881531	0.43742236495018005	1.0	0	0.0	0	0.0	0	-4.5350123656362484e-08	0.0	-1.0	-1.0	0.0	4.5350123656362484e-08	0.0	1.0	0.0
-0.9999999403953552	4.9549560546875	1.0	0.5134643912315369	0.43742239475250244	1.0	0	0.0	0	0.0	0	9.070024731272497e-08	0.0	1.0	1.0	0.0	-9.070024731272497e-08	0.0	1.0	0.0
-2.314321517944336	2.9549560546875	1.0000001192092896	0.40086299180984497	0.2619205117225647	1.0	2	0.0	0	0.0	0	9.070024731272497e-08	0.0	1.0	1.0	0.0	-9.070025441815233e-08	0.0	1.0	0.0
-0.9999999403953552	2.9549560546875	1.0	0.5134643316268921	0.2619205117225647	1.0	0	0.0	0	0.0	0	9.070024731272497e-08	0.0	1.0	1.0	0.0	-9.070024731272497e-08	0.0	1.0	0.0
-0.9999999403953552	6.369924068450928	1.0	0.9730712175369263	0.17550185322761536	1.0	0	0.0	0	0.0	0	0.0	1.0	0.0	-1.0	0.0	1.698120115634083e-07	1.698120115634083e-07	0.0	1.0
0.9999999403953552	6.369924068450928	-1.0	0.8017259836196899	2.615181671217215e-08	1.0	0	0.0	0	0.0	0	0.0	1.0	0.0	-1.0	0.0	1.6981202577426302e-07	1.6981202577426302e-07	0.0	1.0
-1.0	6.369924068450928	-0.9999999403953552	0.9730711579322815	0.0	1.0	0	0.0	0	0.0	0	0.0	1.0	0.0	-1.0	0.0	1.698120115634083e-07	1.698120115634083e-07	0.0	1.0
-0.9999999403953552	6.0398430824279785	1.0	0.43563562631607056	0.8235077261924744	1.0	0	0.0	0	0.0	0	-1.0	0.0	2.9802322387695312e-08	0.0	1.0	0.0	-2.9802322387695312e-08	0.0	-1.0
-1.0	6.369924068450928	-0.9999999403953552	0.46391454339027405	0.9990096092224121	1.0	0	0.0	0	0.0	0	-1.0	0.0	2.9802322387695312e-08	0.0	1.0	0.0	-2.9802322387695312e-08	0.0	-1.0
-1.0	6.0398430824279785	-0.9999999403953552	0.2882615923881531	0.532622218132019	1.0	0	0.0	0	0.0	0	-2.9802322387695312e-08	0.0	-1.0	-1.0	0.0	2.9802322387695312e-08	0.0	1.0	0.0
0.9999999403953552	6.369924068450928	-1.0	0.11691636592149734	0.5615872144699097	1.0	0	0.0	0	0.0	0	-2.9802322387695312e-08	0.0	-1.0	-1.0	0.0	2.9802322387695312e-08	0.0	1.0	0.0
0.9999999403953552	6.0398430824279785	-1.0	0.11691635102033615	0.532622218132019	1.0	0	0.0	0	0.0	0	-2.9802322387695312e-08	0.0	-1.0	-1.0	0.0	2.9802322387695312e-08	0.0	1.0	0.0
1.0	6.0398430824279785	0.9999999403953552	0.6848095655441284	0.532622218132019	1.0	0	0.0	0	0.0	0	2.9802322387695312e-08	0.0	1.0	1.0	0.0	-2.9802322387695312e-08	0.0	1.0	0.0
-0.9999999403953552	6.369924068450928	1.0	0.5134643912315369	0.5615872144699097	1.0	0	0.0	0	0.0	0	2.9802322387695312e-08	0.0	1.0	1.0	0.0	-2.9802322387695312e-08	0.0	1.0	0.0
-0.9999999403953552	6.0398430824279785	1.0	0.5134643912315369	0.532622218132019	1.0	0	0.0	0	0.0	0	2.9802322387695312e-08	0.0	1.0	1.0	0.0	-2.9802322387695312e-08	0.0	1.0	0.0
-1.0	2.9549560546875	-0.9999999403953552	0.514035701751709	0.5615872144699097	1.0	0	0.0	0	0.0	0	-0.9944046139717102	0.1056390255689621	2.9786317412572316e-08	-2.995222558865862e-08	1.592481702061832e-11	-1.0	-0.1056390255689621	-0.9944046139717102	3.1482880746835917e-09
-1.3170872926712036	-0.02986079454421997	1.0	0.34269049763679504	0.8235076665878296	1.0	0	0.0	0	0.0	0	-0.9944046139717102	0.1056390255689621	2.9786317412572316e-08	-2.995222558865862e-08	1.5924594976013395e-11	-1.0	-0.1056390255689621	-0.9944046139717102	3.1482882967281967e-09
-0.9999999403953552	2.9549560546875	1.0	0.34269049763679504	0.5615872144699097	1.0	0	0.0	0	0.0	0	-0.9944046139717102	0.1056390255689621	2.9786317412572316e-08	-2.995222558865862e-08	1.592481702061832e-11	-1.0	-0.1056390255689621	-0.9944046139717102	3.1482880746835917e-09
-4.371138828673793e-08	2.9549560546875	-1.0	0.17134524881839752	0.5615872144699097	1.0	0	0.0	0	0.0	0	-0.9904848337173462	-0.1376221925020218	1.9704756937244383e-08	-2.0345149565059728e-08	3.246605873030717e-09	-1.0	0.1376221925020218	-0.9904848337173462	-6.0156581938031195e-09
0.4162915050983429	-0.04114776849746704	1.0	0.0	0.8244981169700623	1.0	0	0.0	0	0.0	0	-0.9904848337173462	-0.1376221925020218	1.9704756937244383e-08	-2.0345149565059728e-08	3.246605428941507e-09	-1.0	0.1376221925020218	-0.9904848337173462	-6.0156573056247e-09
4.371138828673793e-08	2.9549560546875	1.0	2.042594005047249e-08	0.5615872144699097	1.0	0	0.0	0	0.0	0	-0.9904848337173462	-0.1376221925020218	1.9704756937244383e-08	-2.0345149565059728e-08	3.246605428941507e-09	-1.0	0.1376221925020218	-0.9904848337173462	-6.0156573056247e-09
1.0	2.9549560546875	0.9999999403953552	0.0	0.0	1.0	0	0.0	0	0.0	0	0.0	0.0	0.0	1.0	0.0	0.0	0.0	0.0	0.0
4.371138828673793e-08	2.9549560546875	1.0	0.0	0.0	1.0	0	0.0	0	0.0	0	0.0	0.0	0.0	1.0	0.0	0.0	0.0	0.0	0.0
0.4162914454936981	-0.04114776849746704	-1.0	0.8873986601829529	0.3510037362575531	1.0	0	0.0	0	0.0	0	0.0	-1.0	0.0	1.0	0.0	0.0	0.0	0.0	1.0
1.4162914752960205	-0.04114776849746704	0.9999999403953552	0.973071277141571	0.5265055894851685	1.0	0	0.0	0	0.0	0	0.0	-1.0	0.0	1.0	0.0	0.0	0.0	0.0	1.0
0.4162915050983429	-0.04114776849746704	1.0	0.8873986601829529	0.5265055894851685	1.0	0	0.0	0	0.0	0	0.0	-1.0	0.0	1.0	0.0	0.0	0.0	0.0	1.0
0.9999999403953552	2.9549560546875	-1.0	0.17134524881839752	0.5615872144699097	1.0	0	0.0	0	0.0	0	0.9904848337173462	0.13762222230434418	0.0	3.54526380474951e-10	-2.5515718427016054e-09	1.0	0.13762222230434418	-0.9904848337173462	-2.5760840127730944e-09
1.4162914752960205	-0.04114776849746704	0.9999999403953552	0.34269049763679504	0.8244981169700623	1.0	0	0.0	0	0.0	0	0.9904848337173462	0.13762222230434418	0.0	2.0992572957734268e-10	-1.510862546183489e-09	1.0	0.13762222230434418	-0.9904848337173462	-1.5253769358736236e-09
1.4162914752960205	-0.04114776849746704	-1.0000001192092896	0.17134526371955872	0.8244981169700623	1.0	0	0.0	0	0.0	0	0.9904848337173462	0.13762222230434418	0.0	0.0	0.0	1.0	0.13762222230434418	-0.9904848337173462	0.0
0.9999999403953552	2.9549560546875	-1.0	0.8567261695861816	0.8244981169700623	1.0	0	0.0	0	0.0	0	0.0	0.0	-1.0	-1.0	0.0	0.0	0.0	1.0	0.0
0.4162914454936981	-0.04114776849746704	-1.0	0.9423987865447998	0.5615872144699097	1.0	0	0.0	0	0.0	0	0.0	0.0	-1.0	-1.0	0.0	0.0	0.0	1.0	0.0
-4.371138828673793e-08	2.9549560546875	-1.0	0.9423987865447998	0.8244981169700623	1.0	0	0.0	0	0.0	0	0.0	0.0	-1.0	-1.0	0.0	0.0	0.0	1.0	0.0
1.0	2.9549560546875	0.9999999403953552	0.8017259836196899	0.17550191283226013	1.0	0	0.0	0	0.0	0	5.960464477539063e-08	8.28172463940291e-09	1.0	-1.0	0.0	5.960464477539063e-08	4.936292552592105e-16	-1.0	8.28172463940291e-09
0.4162915050983429	-0.04114776849746704	1.0	0.8873986005783081	0.4384128153324127	1.0	0	0.0	0	0.0	0	5.960464477539063e-08	8.28172463940291e-09	1.0	-1.0	0.0	5.960464477539063e-08	4.936292552592105e-16	-1.0	8.28172463940291e-09
1.4162914752960205	-0.04114776849746704	0.9999999403953552	0.8017260432243347	0.4384128153324127	1.0	0	0.0	0	0.0	0	5.960464477539063e-08	8.28172463940291e-09	1.0	-1.0	0.0	5.960464477539063e-08	4.936292552592105e-16	-1.0	8.28172463940291e-09
-1.3170872926712036	-0.02986079454421997	-0.9999999403953552	0.5851386785507202	0.8235077261924744	1.0	0	0.0	0	0.0	0	0.0	-1.0	0.0	1.0	0.0	1.584804323329081e-07	-1.584804323329081e-07	0.0	1.0
-0.31708723306655884	-0.02986079454421997	1.0	0.6708112955093384	0.9990095496177673	1.0	0	0.0	0	0.0	0	0.0	-1.0	0.0	1.0	0.0	4.6116284124764206e-07	-4.6116284124764206e-07	0.0	1.0
-1.3170872926712036	-0.02986079454421997	1.0	0.5851386785507202	0.9990096092224121	1.0	0	0.0	0	0.0	0	0.0	-1.0	0.0	1.0	0.0	6.792479325667955e-07	-6.792479325667955e-07	0.0	1.0
4.371138828673793e-08	2.9549560546875	1.0	0.6853809356689453	0.5615872144699097	1.0	0	0.0	0	0.0	0	0.9944046139717102	-0.10563899576663971	-2.9786317412572316e-08	3.0107447201999094e-08	1.4451929652992135e-09	1.0	-0.10563899576663971	-0.9944046139717102	4.6176267254338654e-09
-0.3170872926712036	-0.02986079454421997	-1.0	0.5140357613563538	0.8235076665878296	1.0	0	0.0	0	0.0	0	0.9944046139717102	-0.10563899576663971	-2.9786317412572316e-08	3.0107447201999094e-08	1.4451929652992135e-09	1.0	-0.10563899576663971	-0.9944046139717102	4.6176267254338654e-09
-4.371138828673793e-08	2.9549560546875	-1.0	0.514035701751709	0.5615872144699097	1.0	0	0.0	0	0.0	0	0.9944046139717102	-0.10563899576663971	-2.9786317412572316e-08	3.0107447201999094e-08	1.445192854276911e-09	1.0	-0.10563899576663971	-0.9944046139717102	4.6176267254338654e-09
-1.0	2.9549560546875	-0.9999999403953552	0.2882615923881531	0.2619204819202423	1.0	0	0.0	0	0.0	0	-5.960464477539063e-08	6.332005142439812e-09	-1.0	-1.0	8.998320513512413e-23	5.960464477539063e-08	3.774169966404105e-16	1.0	6.332005142439812e-09
-0.3170872926712036	-0.02986079454421997	-1.0	0.2025889903306961	0.0	1.0	0	0.0	0	0.0	0	-5.960464477539063e-08	6.332005142439812e-09	-1.0	-1.0	8.998320513512413e-23	5.960464477539063e-08	3.774169966404105e-16	1.0	6.332005142439812e-09
-1.3170872926712036	-0.02986079454421997	-0.9999999403953552	0.2882615923881531	0.0	1.0	0	0.0	0	0.0	0	-5.960464477539063e-08	6.332005142439812e-09	-1.0	-1.0	1.1247901904067965e-22	5.960464477539063e-08	3.774170495799697e-16	1.0	6.3320055865290215e-09
-0.31708723306655884	-0.02986079454421997	1.0	0.5991369485855103	0.0	1.0	0	0.0	0	0.0	0	0.0	0.0	1.0	1.0	3.3962396628339775e-07	0.0	-3.3962396628339775e-07	1.0	0.0
4.371138828673793e-08	2.9549560546875	1.0	0.5991369485855103	0.2619204819202423	1.0	0	0.0	0	0.0	0	0.0	0.0	1.0	1.0	3.396239947051072e-07	0.0	-3.396239947051072e-07	1.0	0.0
0.9999999403953552	2.9549560546875	-1.0	0.11691639572381973	0.824498176574707	1.0	0	0.0	0	0.0	0	0.0	-1.0	0.0	1.0	0.0	4.1037861819859245e-07	-4.10378589776883e-07	0.0	1.0
2.364687919616699	2.9549560546875	-1.0000001192092896	0.23383277654647827	0.8244981169700623	1.0	3	0.0	0	0.0	0	0.0	-1.0	0.0	1.0	0.0	4.10378589776883e-07	-4.1037861819859245e-07	0.0	1.0
2.364687919616699	2.9549560546875	0.9999998807907104	0.23383277654647827	1.0	1.0	3	0.0	0	0.0	0	0.0	-1.0	0.0	1.0	0.0	4.1037861819859245e-07	-4.10378589776883e-07	0.0	1.0
4.371138828673793e-08	2.9549560546875	1.0	0.5991369485855103	0.2619204819202423	1.0	0	0.0	0	0.0	0	5.960465188081798e-08	0.0	1.0	1.0	0.0	-5.960465188081798e-08	0.0	1.0	0.0
1.0	2.9549560546875	0.9999999403953552	0.6848095655441284	0.2619204819202423	1.0	0	0.0	0	0.0	0	5.960465188081798e-08	0.0	1.0	1.0	0.0	-5.960465188081798e-08	0.0	1.0	0.0
1.0	4.9549560546875	0.9999999403953552	0.6848095655441284	0.43742236495018005	1.0	0	0.0	0	0.0	0	5.960465188081798e-08	0.0	1.0	1.0	0.0	-5.960465188081798e-08	0.0	1.0	0.0
1.0	4.9549560546875	0.9999999403953552	0.6848095655441284	0.43742236495018005	1.0	0	0.0	0	0.0	0	2.9802322387695312e-08	1.4901161193847656e-08	1.0	1.0	1.6981196893084416e-07	-2.980232594040899e-08	-1.6981196893084416e-07	1.0	-1.4901155864777138e-08
-0.9999999403953552	4.9549560546875	1.0	0.5134643912315369	0.43742239475250244	1.0	0	0.0	0	0.0	0	2.9802322387695312e-08	1.4901161193847656e-08	1.0	1.0	1.6981196893084416e-07	-2.980232594040899e-08	-1.6981196893084416e-07	1.0	-1.4901155864777138e-08
4.371138828673793e-08	2.9549560546875	1.0	0.5991369485855103	0.2619204819202423	1.0	0	0.0	0	0.0	0	2.9802322387695312e-08	1.4901161193847656e-08	1.0	1.0	1.6981196893084416e-07	-2.980232594040899e-08	-1.6981196893084416e-07	1.0	-1.4901155864777138e-08
-4.371138828673793e-08	2.9549560546875	-1.0	0.2025889903306961	0.2619204819202423	1.0	0	0.0	0	0.0	0	-5.960465188081798e-08	0.0	-1.0	-1.0	0.0	5.960465188081798e-08	0.0	1.0	0.0
-1.0	2.9549560546875	-0.9999999403953552	0.2882615923881531	0.2619204819202423	1.0	0	0.0	0	0.0	0	-5.960465188081798e-08	0.0	-1.0	-1.0	0.0	5.960465188081798e-08	0.0	1.0	0.0
-1.0	4.9549560546875	-0.9999999403953552	0.2882615923881531	0.43742236495018005	1.0	0	0.0	0	0.0	0	-5.960465188081798e-08	0.0	-1.0	-1.0	0.0	5.960465188081798e-08	0.0	1.0	0.0
-1.0	4.9549560546875	-0.9999999403953552	0.2882615923881531	0.43742236495018005	1.0	0	0.0	0	0.0	0	-2.9802322387695312e-08	1.4901161193847656e-08	-1.0	-1.0	1.6981196893084416e-07	2.980232594040899e-08	1.6981196893084416e-07	1.0	1.4901155864777138e-08
0.9999999403953552	4.9549560546875	-1.0	0.11691637337207794	0.43742239475250244	1.0	0	0.0	0	0.0	0	-2.9802322387695312e-08	1.4901161193847656e-08	-1.0	-1.0	1.6981196893084416e-07	2.980232594040899e-08	1.6981196893084416e-07	1.0	1.4901155864777138e-08
-4.371138828673793e-08	2.9549560546875	-1.0	0.2025889903306961	0.2619204819202423	1.0	0	0.0	0	0.0	0	-2.9802322387695312e-08	1.4901161193847656e-08	-1.0	-1.0	1.6981196893084416e-07	2.980232594040899e-08	1.6981196893084416e-07	1.0	1.4901155864777138e-08
-1.0	2.9549560546875	-0.9999999403953552	0.9693275094032288	0.8244981169700623	1.0	0	0.0	0	0.0	0	0.0	-1.0	0.0	1.0	0.0	0.0	0.0	0.0	1.0
-0.9999999403953552	2.9549560546875	1.0	0.9693275094032288	1.0	1.0	0	0.0	0	0.0	0	0.0	-1.0	0.0	1.0	0.0	0.0	0.0	0.0	1.0
-2.314321517944336	2.9549560546875	1.0000001192092896	0.8567261695861816	1.0	1.0	2	0.0	0	0.0	0	0.0	-1.0	0.0	1.0	0.0	0.0	0.0	0.0	1.0
0.9999999403953552	6.369924068450928	-1.0	0.5851386785507202	0.8235077261924744	1.0	0	0.0	0	0.0	0	1.0	0.0	-2.9802322387695312e-08	0.0	1.0	0.0	2.9802322387695312e-08	0.0	1.0
1.0	4.9549560546875	0.9999999403953552	0.6848095655441284	0.43742236495018005	1.0	0	0.0	0	0.0	0	2.9802322387695312e-08	0.0	1.0	1.0	0.0	-2.9802322387695312e-08	0.0	1.0	0.0
-1.0	4.9549560546875	-0.9999999403953552	0.2882615923881531	0.43742236495018005	1.0	0	0.0	0	0.0	0	-2.9802322387695312e-08	0.0	-1.0	-1.0	0.0	2.9802322387695312e-08	0.0	1.0	0.0
2.364687919616699	4.9549560546875	0.9999998807907104	0.8567261695861816	0.5615872144699097	1.0	3	0.0	0	0.0	0	1.0	0.0	0.0	0.0	0.0	1.0	0.0	-1.0	0.0
0.9999999403953552	4.9549560546875	-1.0	0.0	1.0	1.0	0	0.0	0	0.0	0	0.0	1.0	0.0	1.0	-1.1368685127414319e-13	-1.2443284447272163e-07	-1.244328302618669e-07	0.0	-1.0
1.0	4.9549560546875	0.9999999403953552	5.106485012618123e-09	0.8244981169700623	1.0	0	0.0	0	0.0	0	0.0	1.0	0.0	1.0	-1.1368683772161603e-13	-1.2443284447272163e-07	-1.2443284447272163e-07	0.0	-1.0
2.364687919616699	4.9549560546875	0.9999998807907104	0.11691639572381973	0.8244981169700623	1.0	3	0.0	0	0.0	0	0.0	1.0	0.0	1.0	-1.1368685127414319e-13	-1.2443284447272163e-07	-1.244328302618669e-07	0.0	-1.0
2.364687919616699	4.9549560546875	-1.0000001192092896	0.0	0.43742239475250244	1.0	3	0.0	0	0.0	0	-8.735278811400349e-08	0.0	-1.0	-1.0	0.0	8.735278811400349e-08	0.0	1.0	0.0
2.364687919616699	2.9549560546875	0.9999998807907104	0.8017259836196899	0.2619204819202423	1.0	3	0.0	0	0.0	0	4.3676394057001744e-08	0.0	1.0	1.0	0.0	-4.3676394057001744e-08	0.0	1.0	0.0
-2.314321517944336	4.9549560546875	-0.9999998807907104	0.6853809952735901	0.7370891571044922	1.0	2	0.0	0	0.0	0	-1.0	0.0	0.0	0.0	-1.0	0.0	0.0	0.0	1.0
-0.9999999403953552	4.9549560546875	1.0	1.0	0.17550188302993774	1.0	0	0.0	0	0.0	0	0.0	1.0	0.0	1.0	0.0	-3.876038192629494e-07	-3.876038192629494e-07	0.0	-1.0
-1.0	4.9549560546875	-0.9999999403953552	1.0	0.3510037362575531	1.0	0	0.0	0	0.0	0	0.0	1.0	0.0	1.0	0.0	-3.8760384768465883e-07	-3.8760384768465883e-07	0.0	-1.0
-2.314321517944336	4.9549560546875	-0.9999998807907104	0.8873986601829529	0.3510037660598755	1.0	2	0.0	0	0.0	0	0.0	1.0	0.0	1.0	0.0	-3.8760384768465883e-07	-3.8760384768465883e-07	0.0	-1.0
-2.314321517944336	2.9549560546875	-0.9999998807907104	0.4008629620075226	0.2619204819202423	1.0	2	0.0	0	0.0	0	-4.5350123656362484e-08	0.0	-1.0	-1.0	0.0	4.5350123656362484e-08	0.0	1.0	0.0
-0.9999999403953552	4.9549560546875	1.0	0.5134643912315369	0.43742239475250244	1.0	0	0.0	0	0.0	0	9.070024731272497e-08	0.0	1.0	1.0	0.0	-9.070025441815233e-08	0.0	1.0	0.0
-2.314321517944336	4.9549560546875	1.0000001192092896	0.40086299180984497	0.43742239475250244	1.0	2	0.0	0	0.0	0	9.070024731272497e-08	0.0	1.0	1.0	0.0	-9.070024731272497e-08	0.0	1.0	0.0
-2.314321517944336	2.9549560546875	1.0000001192092896	0.40086299180984497	0.2619205117225647	1.0	2	0.0	0	0.0	0	9.070024731272497e-08	0.0	1.0	1.0	0.0	-9.070024731272497e-08	0.0	1.0	0.0
-0.9999999403953552	6.369924068450928	1.0	0.9730712175369263	0.17550185322761536	1.0	0	0.0	0	0.0	0	0.0	1.0	0.0	-1.0	0.0	1.9961436237281305e-07	1.9961436237281305e-07	0.0	1.0
1.0	6.369924068450928	0.9999999403953552	0.8017259836196899	0.17550188302993774	1.0	0	0.0	0	0.0	0	0.0	1.0	0.0	-1.0	0.0	1.9961433395110362e-07	1.9961433395110362e-07	0.0	1.0
0.9999999403953552	6.369924068450928	-1.0	0.8017259836196899	2.615181671217215e-08	1.0	0	0.0	0	0.0	0	0.0	1.0	0.0	-1.0	0.0	1.9961433395110362e-07	1.9961433395110362e-07	0.0	1.0
-0.9999999403953552	6.369924068450928	1.0	0.46391457319259644	0.8235077261924744	1.0	0	0.0	0	0.0	0	-1.0	0.0	2.9802322387695312e-08	0.0	1.0	0.0	-2.9802322387695312e-08	0.0	-1.0
-1.0	6.369924068450928	-0.9999999403953552	0.2882615923881531	0.5615872144699097	1.0	0	0.0	0	0.0	0	-2.9802322387695312e-08	0.0	-1.0	-1.0	0.0	2.9802322387695312e-08	0.0	1.0	0.0
1.0	6.369924068450928	0.9999999403953552	0.6848096251487732	0.5615872144699097	1.0	0	0.0	0	0.0	0	2.9802322387695312e-08	0.0	1.0	1.0	0.0	-2.9802322387695312e-08	0.0	1.0	0.0
-1.0	2.9549560546875	-0.9999999403953552	0.514035701751709	0.5615872144699097	1.0	0	0.0	0	0.0	0	-0.9944046139717102	0.1056390106678009	0.0	3.6334430575379884e-08	3.4202446386188967e-07	-1.0	-0.1056390106678009	-0.9944046139717102	-3.4394901149426005e-07
-1.3170872926712036	-0.02986079454421997	-0.9999999403953552	0.514035701751709	0.8235077261924744	1.0	0	0.0	0	0.0	0	-0.9944046139717102	0.1056390106678009	0.0	3.6334430575379884e-08	3.4202446386188967e-07	-1.0	-0.1056390106678009	-0.9944046139717102	-3.4394901149426005e-07
-1.3170872926712036	-0.02986079454421997	1.0	0.34269049763679504	0.8235076665878296	1.0	0	0.0	0	0.0	0	-0.9944046139717102	0.1056390106678009	0.0	3.6334430575379884e-08	3.4202446386188967e-07	-1.0	-0.1056390106678009	-0.9944046139717102	-3.4394901149426005e-07
-4.371138828673793e-08	2.9549560546875	-1.0	0.17134524881839752	0.5615872144699097	1.0	0	0.0	0	0.0	0	-0.9904848337173462	-0.1376221925020218	2.9518748334567135e-08	-2.977460411557331e-08	-1.9949586427259192e-10	-1.0	0.1376221925020218	-0.9904848337173462	-3.9000487284113206e-09
0.4162914454936981	-0.04114776849746704	-1.0	0.17134521901607513	0.8244981169700623	1.0	0	0.0	0	0.0	0	-0.9904848337173462	-0.1376221925020218	2.9518748334567135e-08	-2.977460411557331e-08	-1.9949575325028945e-10	-1.0	0.1376221925020218	-0.9904848337173462	-3.9000487284113206e-09
0.4162915050983429	-0.04114776849746704	1.0	0.0	0.8244981169700623	1.0	0	0.0	0	0.0	0	-0.9904848337173462	-0.1376221925020218	2.9518748334567135e-08	-2.977460411557331e-08	-1.9949597529489438e-10	-1.0	0.1376221925020218	-0.9904848337173462	-3.900048284322111e-09
0.4162914454936981	-0.04114776849746704	-1.0	0.8873986601829529	0.3510037362575531	1.0	0	0.0	0	0.0	0	0.0	-1.0	0.0	1.0	0.0	-1.1920928955078125e-07	1.1920928955078125e-07	0.0	1.0
1.4162914752960205	-0.04114776849746704	-1.0000001192092896	0.973071277141571	0.3510037362575531	1.0	0	0.0	0	0.0	0	0.0	-1.0	0.0	1.0	0.0	-1.1920928955078125e-07	1.1920928955078125e-07	0.0	1.0
1.4162914752960205	-0.04114776849746704	0.9999999403953552	0.973071277141571	0.5265055894851685	1.0	0	0.0	0	0.0	0	0.0	-1.0	0.0	1.0	0.0	-1.1920928955078125e-07	1.1920928955078125e-07	0.0	1.0
0.9999999403953552	2.9549560546875	-1.0	0.17134524881839752	0.5615872144699097	1.0	0	0.0	0	0.0	0	0.9904848337173462	0.1376221925020218	-2.9518748334567135e-08	2.959239964184235e-08	1.5108632123173038e-09	1.0	0.1376221925020218	-0.9904848337173462	-2.5760837907284895e-09
1.0	2.9549560546875	0.9999999403953552	0.34269046783447266	0.5615872144699097	1.0	0	0.0	0	0.0	0	0.9904848337173462	0.1376221925020218	-2.9518748334567135e-08	2.9802322387695312e-08	4.440892098500626e-16	1.0	0.1376221925020218	-0.9904848337173462	-4.101460504557508e-09
1.4162914752960205	-0.04114776849746704	0.9999999403953552	0.34269049763679504	0.8244981169700623	1.0	0	0.0	0	0.0	0	0.9904848337173462	0.1376221925020218	-2.9518748334567135e-08	2.944779708968781e-08	2.5515722867908153e-09	1.0	0.1376221925020218	-0.9904848337173462	-1.5253764917844137e-09
0.9999999403953552	2.9549560546875	-1.0	0.8567261695861816	0.8244981169700623	1.0	0	0.0	0	0.0	0	-1.1920928955078125e-07	2.3224654199793804e-08	-1.0	-1.0	-4.950632547225647e-22	1.1920928955078125e-07	2.7685941037035137e-15	1.0	2.3224654199793804e-08
1.4162914752960205	-0.04114776849746704	-1.0000001192092896	0.8567261695861816	0.5615872144699097	1.0	0	0.0	0	0.0	0	-1.1920928955078125e-07	2.3224654199793804e-08	-1.0	-1.0	-4.950632547225647e-22	1.1920928955078125e-07	2.7685941037035137e-15	1.0	2.3224654199793804e-08
0.4162914454936981	-0.04114776849746704	-1.0	0.9423987865447998	0.5615872144699097	1.0	0	0.0	0	0.0	0	-1.1920928955078125e-07	2.3224654199793804e-08	-1.0	-1.0	-4.950632547225647e-22	1.1920928955078125e-07	2.7685941037035137e-15	1.0	2.3224654199793804e-08
1.0	2.9549560546875	0.9999999403953552	0.8017259836196899	0.17550191283226013	1.0	0	0.0	0	0.0	0	5.960465188081798e-08	8.28172552758133e-09	1.0	-1.0	-3.396239947051072e-07	5.960465188081798e-08	3.396239947051072e-07	-1.0	8.281705099477676e-09
4.371138828673793e-08	2.9549560546875	1.0	0.8873986005783081	0.17550188302993774	1.0	0	0.0	0	0.0	0	5.960465188081798e-08	8.28172552758133e-09	1.0	-1.0	-3.396239947051072e-07	5.960465188081798e-08	3.396239947051072e-07	-1.0	8.281705099477676e-09
0.4162915050983429	-0.04114776849746704	1.0	0.8873986005783081	0.4384128153324127	1.0	0	0.0	0	0.0	0	5.960465188081798e-08	8.28172552758133e-09	1.0	-1.0	-3.396239947051072e-07	5.960465188081798e-08	3.396239947051072e-07	-1.0	8.281705099477676e-09
-0.3170872926712036	-0.02986079454421997	-1.0	0.6708112359046936	0.8235077261924744	1.0	0	0.0	0	0.0	0	0.0	-1.0	0.0	1.0	0.0	-5.960464477539063e-08	5.960464477539063e-08	0.0	1.0
4.371138828673793e-08	2.9549560546875	1.0	0.6853809356689453	0.5615872144699097	1.0	0	0.0	0	0.0	0	0.9944046139717102	-0.10563899576663971	-2.9635566889396614e-08	2.9787186051066783e-08	-1.4248223434432106e-10	1.0	-0.10563899576663971	-0.9944046139717102	3.0050035793038887e-09
-0.31708723306655884	-0.02986079454421997	1.0	0.6853809952735901	0.8235076665878296	1.0	0	0.0	0	0.0	0	0.9944046139717102	-0.10563899576663971	-2.9635566889396614e-08	2.9787186051066783e-08	-1.4248220658874544e-10	1.0	-0.10563899576663971	-0.9944046139717102	3.0050035793038887e-09
-0.3170872926712036	-0.02986079454421997	-1.0	0.5140357613563538	0.8235076665878296	1.0	0	0.0	0	0.0	0	0.9944046139717102	-0.10563899576663971	-2.9635566889396614e-08	2.9787186051066783e-08	-1.4248222046653325e-10	1.0	-0.10563899576663971	-0.9944046139717102	3.0050035793038887e-09
-1.0	2.9549560546875	-0.9999999403953552	0.2882615923881531	0.2619204819202423	1.0	0	0.0	0	0.0	0	-5.960465188081798e-08	6.332005142439812e-09	-1.0	-1.0	0.0	5.960465188081798e-08	3.774169701706309e-16	1.0	6.332005142439812e-09
-4.371138828673793e-08	2.9549560546875	-1.0	0.2025889903306961	0.2619204819202423	1.0	0	0.0	0	0.0	0	-5.960465188081798e-08	6.332005142439812e-09	-1.0	-1.0	0.0	5.960465188081798e-08	3.774169701706309e-16	1.0	6.3320055865290215e-09
-0.3170872926712036	-0.02986079454421997	-1.0	0.2025889903306961	0.0	1.0	0	0.0	0	0.0	0	-5.960465188081798e-08	6.332005142439812e-09	-1.0	-1.0	0.0	5.960465188081798e-08	3.774169701706309e-16	1.0	6.332005142439812e-09
-0.9999999403953552	2.9549560546875	1.0	0.5134643316268921	0.2619205117225647	1.0	0	0.0	0	0.0	0	0.0	0.0	1.0	1.0	0.0	0.0	0.0	1.0	0.0
-1.3170872926712036	-0.02986079454421997	1.0	0.5134643316268921	0.0	1.0	0	0.0	0	0.0	0	0.0	0.0	1.0	1.0	0.0	0.0	0.0	1.0	0.0
-0.31708723306655884	-0.02986079454421997	1.0	0.5991369485855103	0.0	1.0	0	0.0	0	0.0	0	0.0	0.0	1.0	1.0	0.0	0.0	0.0	1.0	0.0
0	1	2
3	4	5
6	7	8
9	10	9
11	12	13
14	15	16
17	18	19
20	19	21
22	23	24
25	26	27
28	29	30
31	32	33
34	35	36
37	38	39
40	41	42
43	44	45
46	47	48
49	50	51
52	53	54
55	56	1
57	58	59
60	61	62
63	64	65
66	67	68
10	69	10
70	9	70
69	70	69
71	72	73
74	75	76
77	78	79
80	81	82
83	84	85
86	87	88
89	90	91
7	92	93
0	55	1
94	95	96
97	98	99
100	101	102
9	10	10
103	104	105
106	107	108
109	110	111
17	112	18
20	17	19
113	60	62
114	57	59
28	115	29
116	117	118
34	119	35
37	120	38
40	121	41
122	123	124
46	125	47
126	127	128
129	130	131
55	132	56
57	133	58
60	134	61
135	136	137
138	139	140
10	69	69
70	9	9
69	70	70
141	142	143
144	145	146
147	148	149
150	151	152
83	153	84
154	155	156
157	158	159
160	161	162
